2089980938000212209
2089986349994516554
2089987574521532578
2089988236005482964
2089995785652060214
2090007773756924187
2090013173986251091
2090013539125649749
2090013828687753271
2090014596975276482
2090021180283519351
2090021281341092307
2090030479827202548
2090031019894182082
2090031761002467826
2090033030735843727
2090038248022167782
2090042181276909949
2090051752192061757
2090052327809941613
2090054092735271325
2090060371503587381
2090072302176145454
2090081301059510279
2090082038065795382
2090082382003028326
2090082893737456054
2090084168596074802
2007767128892731435
2090093091524952531
2090096784244662575
2090107902853890506
2090117830263935452
2090128134850949276
2090128581082878420
2090135216526434804
2090143870461841891
2090148218306781440
2090148721920983283
2090163398138851701
2090163687545782342
2090170624228335919
2090176134306476233
2090179445969522837
2090183746368483705
2090194618029576227
2090199649021735310
2090241152318402696
2090241564291268647
2090244574492909854
2090250143454871795
2090264556665000167
2090280160935428324
2090317914171695347
2090353978013839691
2090355880747299203
2090360496855584927
2090388071753634283
2090388343628419216
2090392205412245828
2090394285673762856
2090395253236724161
2090406404263743680
2090408908028314019
2090409115872821373
2090409348082118939
2090410224272183413
2090410631421686243
2090412546943557935
2090417574924165469
2090417972921639026
2090418124734505209
2090422477109268596
2090427184351465816
2090427925627621626
2090428262610620611
2090428632766284037
2090430987477925957
2090436871935463491
2090436984019771778
2090450436490756550
2090451013257851188
2090461610611519850
2090479108262138099
2090479269851910652
2090492098533294418
2090484945760157726
2090502847175512157
2090512353544565070
2090543511720394908
2090543798090629165
